{
	"F-00000000000000000000000000000001-Lateral-0": [3.552713678800501E-15, -4.300754722577031E-16, 5],
	"F-00000000000000000000000000000001-Top-0": [1.7763568394002505E-15, -9.860196518387504E-16, 10],
	"F-00000000000000000000000000000001-Bottom-0": [1.7763568394002505E-15, -9.860196518387504E-16, 0],
	"E-00000000000000000000000000000001-Top-0": [4.7428727611986686E-14, 2.6645352591003756E-16, 10.000000000000002],
	"E-00000000000000000000000000000001-Seam-0": [10, -2.4492935982947065E-15, 5],
	"E-00000000000000000000000000000001-Bottom-0": [4.7428727611986686E-14, 2.6645352591003756E-16, 0]
}