{
	"F-00000000000000000000000000000001-Lateral-0": [4.134966715663442, 7.1619724391352895, 5],
	"F-00000000000000000000000000000001-Top-0": [2.756644477108961, 4.7746482927568605, 10],
	"F-00000000000000000000000000000001-Bottom-0": [2.756644477108961, 4.7746482927568605, 0],
	"F-00000000000000000000000000000001-Side-0": [5, 0, 5],
	"F-00000000000000000000000000000001-Side-1": [-2.499999999999999, 4.330127018922194, 5],
	"E-00000000000000000000000000000001-Top-0": [4.134966715663441, 7.161972439135291, 10.000000000000002],
	"E-00000000000000000000000000000001-Side-1": [-4.999999999999998, 8.660254037844387, 5],
	"E-00000000000000000000000000000001-Bottom-0": [4.134966715663441, 7.161972439135291, 0],
	"E-00000000000000000000000000000001-Side-0": [10, 0, 5],
	"E-00000000000000000000000000000001-SideTop-0": [5, 0, 10],
	"E-00000000000000000000000000000001-SideTop-1": [-2.499999999999999, 4.330127018922193, 10],
	"E-00000000000000000000000000000001-SideBottom-1": [-2.499999999999999, 4.330127018922193, 0],
	"E-00000000000000000000000000000001-SideBottom-0": [5, 0, 0],
	"E-00000000000000000000000000000001-Axis-0": [0, 0, 5]
}