{
	"F-00000000000000000000000000000001-Lateral-0": [3.2475952641916446, 5.625000000000001, -1.3322676295501878E-16],
	"F-00000000000000000000000000000001-Side-0": [4.244131815783874, 1.9721522630525295E-31, 6.394884621840901E-16],
	"F-00000000000000000000000000000001-Side-1": [-2.122065907891937, 3.6755259694786138, -1.421085471520202E-16],
	"E-00000000000000000000000000000001-Top-0": [2.531936876459039E-16, 4.385443311584298E-16, 10.000000000000002],
	"E-00000000000000000000000000000001-Side-1": [-3.183098861837906, 5.513288954217922, -1.3322676295501877E-15],
	"E-00000000000000000000000000000001-Bottom-0": [2.531936876459039E-16, 4.385443311584298E-16, -10.000000000000002],
	"E-00000000000000000000000000000001-Side-0": [6.366197723675814, 0, -1.6875389974302379E-15],
	"E-00000000000000000000000000000001-Axis-0": [0, 0, 0]
}