{
	"F-00000000000000000000000000000001-Lateral-0": [3.380396277431032, 5.855018102227244, 0.6698729810778068],
	"F-00000000000000000000000000000001-Bottom-0": [1.3783222385544809, 2.3873241463784307, -8.660254037844386],
	"F-00000000000000000000000000000001-Side-0": [4.31393930181285, -2.465190328815662E-32, 0.2731339023743109],
	"F-00000000000000000000000000000001-Side-1": [-2.1569696509064236, 3.735981025754033, 0.27313390237431046],
	"E-00000000000000000000000000000001-Top-0": [2.531936876459039E-16, 4.385443311584298E-16, 10.000000000000002],
	"E-00000000000000000000000000000001-Side-1": [-3.563846003368119, 6.172762348184869, 1.909859317102741],
	"E-00000000000000000000000000000001-Bottom-0": [2.067483357831721, 3.5809862195676456, -8.660254037844386],
	"E-00000000000000000000000000000001-Side-0": [7.127692006736241, 0, 1.909859317102741],
	"E-00000000000000000000000000000001-SideBottom-1": [-1.2499999999999998, 2.1650635094610973, -8.660254037844386],
	"E-00000000000000000000000000000001-SideBottom-0": [2.5000000000000004, 0, -8.660254037844386],
	"E-00000000000000000000000000000001-Axis-0": [0, 0, 0.6698729810778072]
}