{
	"F-00000000000000000000000000000001-Lateral-0": [-8.881784197001252E-16, -5.853405740271121E-17, 1.3674401325394232E-17],
	"F-00000000000000000000000000000001-Top-0": [-1.7763568394002505E-15, -2.476505374772156E-16, 8.660254037844386],
	"F-00000000000000000000000000000001-Bottom-0": [-1.7763568394002505E-15, -2.476505374772156E-16, -8.660254037844386],
	"E-00000000000000000000000000000001-Top-0": [2.3625545964023323E-14, 2.6645352591003746E-16, 8.660254037844386],
	"E-00000000000000000000000000000001-Seam-0": [8.26993343132688, -2.0255495011672306E-15, -2.176037128265307E-15],
	"E-00000000000000000000000000000001-Bottom-0": [2.3625545964023323E-14, 2.6645352591003746E-16, -8.660254037844386]
}