{
	"F-00000000000000000000000000000001-Lateral-0": [-8.881784197001252E-16, -5.853405740271121E-17, 1.3674401325394232E-17],
	"F-00000000000000000000000000000001-Top-0": [-1.7763568394002505E-15, -2.476505374772156E-16, 8.660254037844386],
	"F-00000000000000000000000000000001-Bottom-0": [-1.7763568394002505E-15, -2.476505374772156E-16, -8.660254037844386],
	"E-00000000000000000000000000000001-Top-0": [5.000000000000001, -1.2246467991473535E-15, 8.660254037844386],
	"E-00000000000000000000000000000001-Seam-0": [-4.999999999999994, 1.2246467991473517E-15, 8.66025403784439],
	"E-00000000000000000000000000000001-Bottom-0": [5.000000000000001, -1.2246467991473535E-15, -8.660254037844386]
}