{
	"F-00000000000000000000000000000001-Lateral-0": [-4.440892098500626E-16, -1.033821014728699E-16, 0.6698729810778071],
	"F-00000000000000000000000000000001-Bottom-0": [-1.7763568394002505E-15, -2.476505374772156E-16, -8.660254037844386],
	"E-00000000000000000000000000000001-Top-0": [2.950011877590123E-30, 2.681828979627385E-32, 9.999999999999998],
	"E-00000000000000000000000000000001-Seam-0": [7.127692006736241, -1.7457810402715424E-15, 1.909859317102741],
	"E-00000000000000000000000000000001-Bottom-0": [2.3625545964023323E-14, 2.6645352591003746E-16, -8.660254037844386]
}