{
	"F-00000000000000000000000000000001-Lateral-0": [3.533741678915861, 6.120620128706016, 7.179060695831972E-17],
	"F-00000000000000000000000000000001-Top-0": [1.3783222385544809, 2.3873241463784307, 8.660254037844386],
	"F-00000000000000000000000000000001-Bottom-0": [1.3783222385544809, 2.3873241463784307, -8.660254037844386],
	"F-00000000000000000000000000000001-Side-0": [4.3880188742305375, 0, -9.299661524491162E-16],
	"F-00000000000000000000000000000001-Side-1": [-2.194009437115268, 3.8001358173692386, -1.508053220187756E-16],
	"E-00000000000000000000000000000001-Top-0": [2.067483357831721, 3.5809862195676456, 8.660254037844386],
	"E-00000000000000000000000000000001-Side-1": [-4.134966715663439, 7.161972439135292, -2.3536728122053318E-15],
	"E-00000000000000000000000000000001-Bottom-0": [2.067483357831721, 3.5809862195676456, -8.660254037844386],
	"E-00000000000000000000000000000001-Side-0": [8.26993343132688, 0, -2.176037128265307E-15],
	"E-00000000000000000000000000000001-SideTop-0": [2.5000000000000004, 0, 8.660254037844386],
	"E-00000000000000000000000000000001-SideTop-1": [-1.2499999999999998, 2.1650635094610973, 8.660254037844386],
	"E-00000000000000000000000000000001-SideBottom-1": [-1.2499999999999998, 2.1650635094610973, -8.660254037844386],
	"E-00000000000000000000000000000001-SideBottom-0": [2.5000000000000004, 0, -8.660254037844386],
	"E-00000000000000000000000000000001-Axis-0": [0, 0, 0]
}