{
	"F-00000000000000000000000000000001-Lateral-0": [-4.443440737302548E-16, -3.654764197780899E-16, 2.842170943040401E-16],
	"E-00000000000000000000000000000001-Top-0": [2.950011877590123E-30, 2.681828979627385E-32, 9.999999999999998],
	"E-00000000000000000000000000000001-Seam-0": [6.366197723675814, -1.5592687330077505E-15, -1.6875389974302379E-15],
	"E-00000000000000000000000000000001-Bottom-0": [2.950011877590123E-30, 2.681828979627385E-32, -9.999999999999998]
}