{
	"F-00000000000000000000000000000001-Lateral-0": [3.533741678915861, 6.120620128706016, 7.179060695831972E-17],
	"F-00000000000000000000000000000001-Top-0": [1.3783222385544809, 2.3873241463784307, 8.660254037844386],
	"F-00000000000000000000000000000001-Bottom-0": [1.3783222385544809, 2.3873241463784307, -8.660254037844386],
	"F-00000000000000000000000000000001-Side-0": [4.3880188742305375, 0, -9.299661524491162E-16],
	"F-00000000000000000000000000000001-Side-1": [-2.194009437115268, 3.8001358173692386, -1.508053220187756E-16],
	"E-00000000000000000000000000000001-Top-0": [-2.499999999999999, 4.3301270189221945, 8.660254037844386],
	"E-00000000000000000000000000000001-Side-1": [2.499999999999996, -4.330127018922188, 8.66025403784439],
	"E-00000000000000000000000000000001-Bottom-0": [-2.499999999999999, 4.3301270189221945, -8.660254037844386],
	"E-00000000000000000000000000000001-Side-0": [-4.999999999999994, 0, 8.66025403784439],
	"E-00000000000000000000000000000001-SideTop-0": [5.000000000000001, 0, 8.660254037844386],
	"E-00000000000000000000000000000001-SideTop-1": [-2.499999999999999, 4.3301270189221945, 8.660254037844386],
	"E-00000000000000000000000000000001-SideBottom-1": [-2.499999999999999, 4.3301270189221945, -8.660254037844386],
	"E-00000000000000000000000000000001-SideBottom-0": [5.000000000000001, 0, -8.660254037844386],
	"E-00000000000000000000000000000001-Axis-0": [0, 0, 17.32050807568877]
}