{
	"E-00000000000000000000000000000001-seg-0": [10, 30, 0],
	"E-00000000000000000000000000000001-seg-1": [29.098593171027453, 16.36619772367582, 0],
	"E-00000000000000000000000000000001-seg-2": [13.042126724382815, -6.959554303864577, 0],
	"E-00000000000000000000000000000001-seg-3": [0, 5, 0],
	"E-00000000000000000000000000000001-seg-4": [7.5, 5, 0],
	"E-00000000000000000000000000000001-seg-5": [7.5, -5, 0],
	"E-00000000000000000000000000000001-seg-6": [5, 4.440892098500626E-16, 0]
}